1
5 6
-2 0 4 0 7 0 1 0 5 0
-1 1 2 1 2 7 0
-1 1 2 1 2 7 1
-1 2 3 1 1 6 0
-1 2 3 1 1 6 1
-1 1 1 2 1 4 0
-1 1 1 2 1 4 1

-1
4 4
0 0 0 0 1 0 -1 0
8 -7 -1 1 0 0
-2 1 -1 1 0 0
1 1 0 0 1 0
1 1 0 0 1 0

1
4 4
0 0 0 0 1 0 -1 0
8 -2 -1 1 0 1
-7 1 -1 1 0 1
1 1 0 0 1 0
1 1 0 0 1 1

1
3 2
1 0 2 0 1 0
1 0.5 0.33 1 0
1.5 2 1 8 1

1
3 4
3 0 2 0 1 0
4 1 1 30 0
4 1 1 30 1
2 3 1 60 0
1 2 3 40 0

1
4 4
1 0 1 0 1 0 1 0 
1 3 2 4 5 0
3 1 2 1 4 0
5 3 3 3 9 0
5 3 3 3 9 1

1
2 8
3 0 2 0
1 -2 1 0
1 -1 2 0
2 -1 6 0
1 0 5 0
2 1 16 0
1 1 12 0
1 2 21 0
0 1 10 0
