1
16 16
66.54 0 51.19 0 39.37 0 30.29 0 23.3 0 17.92 0 13.79 0 10.6 0 8.16 0 6.27 0 4.83 0 3.71 0 2.86 0 2.2 0 1.69 0 1 0
1 0 0 0 0 0 0 0 0 0 0 0 0 0 0 0 1.4 0
1.69 1 0 0 0 0 0 0 0 0 0 0 0 0 0 0 1.96 0
2.2 1.69 1 0 0 0 0 0 0 0 0 0 0 0 0 0 2.74 0
2.86 2.2 1.69 1 0 0 0 0 0 0 0 0 0 0 0 0 3.84 0
3.71 2.86 2.2 1.69 1 0 0 0 0 0 0 0 0 0 0 0 5.38 0
4.83 3.71 2.86 2.2 1.69 1 0 0 0 0 0 0 0 0 0 0 7.53 0
6.27 4.83 3.71 2.86 2.2 1.69 1 0 0 0 0 0 0 0 0 0 10.54 0
8.16 6.27 4.83 3.71 2.86 2.2 1.69 1 0 0 0 0 0 0 0 0 14.76 0
10.6 8.16 6.27 4.83 3.71 2.86 2.2 1.69 1 0 0 0 0 0 0 0 20.66 0
13.79 10.6 8.16 6.27 4.83 3.71 2.86 2.2 1.69 1 0 0 0 0 0 0 28.93 0
17.92 13.79 10.6 8.16 6.27 4.83 3.71 2.86 2.2 1.69 1 0 0 0 0 0 40.5 0
23.3 17.92 13.79 10.6 8.16 6.27 4.83 3.71 2.86 2.2 1.69 1 0 0 0 0 56.69 0
30.29 23.3 17.92 13.79 10.6 8.16 6.27 4.83 3.71 2.86 2.2 1.69 1 0 0 0 79.37 0
39.37 30.29 23.3 17.92 13.79 10.6 8.16 6.27 4.83 3.71 2.86 2.2 1.69 1 0 0 111.12 0
51.19 39.37 30.29 23.3 17.92 13.79 10.6 8.16 6.27 4.83 3.71 2.86 2.2 1.69 1 0 155.57 0
66.54 51.19 39.37 30.29 23.3 17.92 13.79 10.6 8.16 6.27 4.83 3.71 2.86 2.2 1.69 1 217.8 0
